1111111001111111010101011111101111110001101010011101111001111111010010010001111011
1111111001111111010101011111101111110000101010011101110001111110010010010000111011
1011111001111111010100011111100111010000101010011101110000111100000010010000101011
1111111111111111111111111111111111111111111111111111111011111111111111011111111111
1011001001101110000100011111100111010000101000011101110000110100000010010000101011
1111111001111111010101011111101111110001101010011101110001111111010010010000111011
1111111101111111011101011111101111110001111011111111111001111111010111011111111111
1010001000001110000000010010000011010000101000001001000000010100000010010000001011
1010001001001110000100011011100011010000101000011101100000010100000010010000001011
1111111101111111011101011111101111110001111011111111111001111111010011011111111011
1111111101111111111111111111101111110011111111111111111011111111111111011111111111
1111111001111111010100011111100111110000101010011101110000111100010010010000111011
1111111001111111010101011111101111110001101010011101111001111111010010010111111011
1111111001111111010100011111101111110000101010011101110001111100010010010000111011
1011111001101111000100011111100111010000101010011101110000111100000010010000101011
1111111001111111010101011111101111110001101010011101111001111111010011011111111011
0000000000001110000000000010000011010000101000000000000000010000000000010000001011
1111111101111111111111011111101111110011111111111111111001111111111111011111111111
1111111101111111111111111111111111110111111111111111111011111111111111011111111111
1111111001111111010100011111100111110000101010011101110000111100000010010000101011
1111111101111111011111011111101111110001111011111111111001111111011111011111111111
1011101001101110000100011111100111010000101010011101110000110100000010010000101011
1010001001001110000100011111100011010000101000011101110000110100000010010000101011
1111111101111111011101011111101111110001101010111111111001111111010011011111111011
1111111101111111111111011111101111110001111111111111111001111111011111011111111111
1111111101111111010101011111101111110001101010011111111001111111010011011111111011
11111000001011111111101001100111111111111111111011111010110111111111111111110111111111
11100000000011100101000001000000101111000100111001001010100010011011011111100100101010
11100000001011110101001001100001111111110111111001101010110010111011111111110100111110
00000000000011000100000000000000000111000000111000000000000010000011010010000000000000
11100000001011100101000001000000101111010100111001001010100010011011011111100100101110
11111001111011111111101101110111111111111111111011111011111111111111111111111111111111
11100000001011110101001001100001111111110111111011111010110010111011111111110100111110
11111000001011110111101001100011111111111111111011111010110111111111111111110111111111
11111000001011110101001001100001111111111111111011111010110011111111111111110100111111
11100000001011110101000001100000111111110100111001001010110010011011011111110100101110
11111000001011110101001001100011111111111111111011111010110011111111111111110101111111
11100000001011110101000001100000111111110111111001101010110010011011011111110100111110
11100000000011100100000001000000100111000100111001001000100010011011011110100100100010
11111011111111111111101111110111111111111111111111111011111111111111111111111111111111
11111000101011111111101001100111111111111111111011111011111111111111111111111111111111
11100000001011110101000001100000111111110111111001101010110010111011111111110100111110
11111000111011111111101001110111111111111111111011111011111111111111111111111111111111
11100000001011110101000001100000111111110101111001001010110010011011011111110100111110
11100000001011100101000001100000111111110100111001001010100010011011011111100100101110
11111000001011110101001001100001111111110111111011111010110011111111111111110100111110
11111111111111111111101111111111111111111111111111111011111111111111111111111111111111
11110000001011110101001001100001111111110111111011111010110011111011111111110100111110
11111001111111111111101111110111111111111111111011111011111111111111111111111111111111
10000000000011100100000000000000100111000100111001000000100010010011011010000000100000
11111000001011110111001001100011111111111111111011111010110011111111111111110111111111
11111000001011111111101001100111111111111111111011111010111111111111111111111111111111
